sample_size,n,k,repeat,mae,alphas,coef_path,coefficients,non_zero_coef,num_iter
25,50,1,1,7228986792817.735,"[5.50223191e-03 4.49197284e-03 4.12315672e-03 3.71813316e-03
 3.43432777e-03 3.42781521e-03 3.02703265e-03 1.79527678e-03
 1.70266502e-03 1.59894935e-03 1.53236993e-03 1.51738718e-03
 1.15256842e-03 9.18428688e-04 8.87275883e-04 8.71982920e-04
 8.19313726e-04 7.99175342e-04 7.70796549e-04 7.74800896e-04
 7.67596162e-04 7.64222244e-04 7.51257499e-04 7.55990578e-04
 7.58664291e-04 7.55139915e-04 7.22230641e-04 7.46136570e-04
 7.42605406e-04 7.61362718e-04 7.50756078e-04 7.86306924e-04
 8.22418819e-04 8.22069227e-04 8.65507635e-04 8.51476545e-04
 9.24849903e-04 8.66474091e-04 8.51423644e-04 8.19630334e-04
 6.55243765e-04 6.51738079e-04 3.95406655e-05 0.00000000e+00]","[[ 0.00000000e+00  0.00000000e+00  0.00000000e+00 ...  0.00000000e+00
   0.00000000e+00  0.00000000e+00]
 [ 0.00000000e+00  0.00000000e+00  0.00000000e+00 ...  2.59003600e+11
   4.19051517e+11  4.56270550e+11]
 [ 0.00000000e+00  0.00000000e+00  0.00000000e+00 ...  4.17238199e+12
   5.08410168e+12  5.46924164e+12]
 ...
 [ 0.00000000e+00  0.00000000e+00  0.00000000e+00 ...  0.00000000e+00
   0.00000000e+00  0.00000000e+00]
 [ 0.00000000e+00  0.00000000e+00  0.00000000e+00 ... -2.11875768e+11
  -4.87058177e+11 -6.05696997e+11]
 [ 0.00000000e+00  0.00000000e+00  0.00000000e+00 ...  0.00000000e+00
   0.00000000e+00  0.00000000e+00]]","[ 0.00000000e+00  4.56270550e+11  5.46924164e+12  0.00000000e+00
  7.42568359e+12  0.00000000e+00 -3.22350863e+11 -4.27834106e+12
  0.00000000e+00 -3.99761201e+12 -4.12882937e+12  0.00000000e+00
 -1.85528163e+12 -4.78753973e+12  0.00000000e+00  1.47034388e+12
  0.00000000e+00 -8.76147081e+10 -1.87895349e+12  1.62060603e+12
  0.00000000e+00  0.00000000e+00  0.00000000e+00  6.29318740e+12
  0.00000000e+00 -4.33151518e+12  2.51713595e+11  6.84174472e+10
 -1.71406769e+12 -2.79265763e+12  3.52946837e+12 -4.84262107e+12
  0.00000000e+00  0.00000000e+00  0.00000000e+00  0.00000000e+00
  8.07395320e+11  1.09485784e+10  0.00000000e+00  0.00000000e+00
  7.12135587e+11  0.00000000e+00  6.87071856e+11  0.00000000e+00
  5.37832132e+12  2.44835814e+12  3.96667649e+12  0.00000000e+00
 -6.05696997e+11  0.00000000e+00]",29,43
75,50,1,1,63.69523842834744,"[3.46999356e-03 2.89062733e-03 2.52295351e-03 2.29980059e-03
 2.24942087e-03 2.00211785e-03 1.97135534e-03 1.93622911e-03
 1.87966626e-03 1.68588720e-03 1.64645161e-03 1.61742069e-03
 1.61320680e-03 1.57036889e-03 1.49674589e-03 1.49004727e-03
 1.29780390e-03 1.15841146e-03 1.08968529e-03 9.59110762e-04
 9.18013473e-04 8.33605914e-04 8.01625733e-04 7.39669043e-04
 7.27330260e-04 6.77020535e-04 5.68733583e-04 5.67395440e-04
 5.28813802e-04 5.08196992e-04 4.47676145e-04 4.39659281e-04
 4.11289987e-04 4.48779796e-04 3.90620204e-04 3.78849404e-04
 3.76868231e-04 3.67309653e-04 3.64710538e-04 3.58634194e-04
 3.56068540e-04 2.96246166e-04 2.63848343e-04 2.44146057e-04
 2.37224750e-04 2.30182034e-04 2.08863690e-04 2.12328142e-04
 1.89452795e-04 1.54345563e-04 3.14738722e-04 6.14655649e-04
 4.85116939e-04 1.19028739e-03 4.53658926e-04 8.72097966e-04
 2.17111932e-03 5.71875662e-03 1.29493965e-02 2.92706682e-02
 5.74541619e-02 1.06400912e-01 2.08849869e-01 0.00000000e+00]","[[  0.           0.           0.         ...   4.479242     8.32541043
   15.4837128 ]
 [  0.           0.           0.         ...   4.13176916   7.96073635
   15.54825587]
 [  0.           0.           0.         ...   1.66081957   3.0326236
    4.14208347]
 ...
 [  0.           0.           0.         ...  -5.10344684 -10.29033027
  -20.67857288]
 [  0.           0.           0.         ...   4.3488954    8.34637297
   15.99076246]
 [  0.           0.           0.         ...  -6.92721283 -13.11184388
  -25.88163966]]","[ 15.4837128   15.54825587   4.14208347 -45.16433519  15.48922547
  -0.68387129 -23.08290221 -15.12404613   8.20324552 -22.78215542
   4.29639219  20.20966086   4.31625578  12.07541691  23.73933886
  17.83908844  18.02278173 -14.87198379  20.53065035 -21.24621106
   8.13893768 -43.96801503 -11.79695705   5.44622908  13.40621624
  42.14368766  -4.31409977  31.18821149  13.57692704  -8.77676098
 -14.31318016  28.7889212   31.52845171  43.78697594 -18.7158231
 -10.97350761 -14.85528408  11.93814862 -24.15127332 -36.77551865
  -1.29289269   8.57042135  40.49876283  24.56999895   4.63213721
  -0.44265054  15.06455519 -20.67857288  15.99076246 -25.88163966]",50,63
125,50,1,1,0.01727962615235299,"[3.55668747e-03 3.38615414e-03 2.65665302e-03 2.46395532e-03
 2.46260588e-03 1.90601749e-03 1.87820234e-03 1.84723351e-03
 1.75206932e-03 1.64486615e-03 1.56909247e-03 1.52226340e-03
 1.44788284e-03 1.43969401e-03 1.43416387e-03 1.24808503e-03
 1.04360137e-03 1.01818893e-03 9.19152368e-04 8.39401936e-04
 8.23979678e-04 8.09996445e-04 7.90070837e-04 6.85443701e-04
 6.73752484e-04 6.71108730e-04 6.53661023e-04 6.52144018e-04
 6.51458894e-04 5.87183363e-04 5.76676133e-04 5.21320990e-04
 4.88942673e-04 4.34043278e-04 4.02310635e-04 3.78393364e-04
 2.43960239e-04 2.39489685e-04 2.34544229e-04 2.22318048e-04
 2.01990644e-04 1.92698341e-04 1.51788886e-04 1.33984881e-04
 9.02369360e-05 7.74042111e-05 4.49353903e-05 4.14177473e-05
 2.31050262e-05 1.75809709e-05 0.00000000e+00]","[[ 0.          0.          0.         ...  0.00456993  0.00459994
   0.00468858]
 [ 0.          0.          0.         ...  0.00529884  0.00530968
   0.00535002]
 [ 0.          0.          0.         ...  0.00350029  0.00355912
   0.00371927]
 ...
 [ 0.          0.          0.         ...  0.00010657  0.00014626
   0.00028542]
 [ 0.          0.          0.         ...  0.01139223  0.01146935
   0.01171761]
 [ 0.          0.          0.         ... -0.00310824 -0.0031463
  -0.0032338 ]]","[ 0.00468858  0.00535002  0.00371927  0.00976775 -0.00670959 -0.01752091
 -0.00320208  0.00061828  0.00908373 -0.00065827 -0.00791559  0.00480706
 -0.00779003 -0.00298968 -0.00644864 -0.00124774 -0.00925309 -0.0058636
  0.00581124  0.00270031  0.00033746 -0.00142496 -0.01324266  0.00197708
  0.00869248 -0.00183486 -0.00467303 -0.00020346 -0.00803177  0.00023902
 -0.00059941 -0.00534682 -0.00184643 -0.00552866 -0.00498532  0.0009176
  0.00998531 -0.01009306  0.00651795  0.00344316 -0.00989859  0.00424868
  0.00182854  0.0013463  -0.00521588 -0.00158779  0.00156229  0.00028542
  0.01171761 -0.0032338 ]",50,50
175,50,1,1,0.0156772799823068,"[3.78922690e-03 3.04285121e-03 2.74378121e-03 2.39386207e-03
 1.99795382e-03 1.82264311e-03 1.79960964e-03 1.77250695e-03
 1.75577835e-03 1.62916535e-03 1.62554612e-03 1.55922578e-03
 1.54716275e-03 1.50627950e-03 1.25158140e-03 1.16089177e-03
 1.15017261e-03 1.14681568e-03 1.09652734e-03 1.08507447e-03
 9.60037170e-04 9.59526436e-04 9.39398039e-04 7.92306008e-04
 7.63562075e-04 7.48603123e-04 7.20877465e-04 7.09384610e-04
 6.73140035e-04 6.40197268e-04 6.11975358e-04 5.56493161e-04
 5.56493112e-04 5.44981913e-04 4.95572802e-04 4.71751204e-04
 4.65172963e-04 4.40489698e-04 4.15034106e-04 3.78398569e-04
 2.80051660e-04 2.41188067e-04 1.87585864e-04 1.71850072e-04
 1.55016109e-04 1.10563309e-04 1.03343904e-04 5.51740634e-05
 4.93879705e-05 4.12972087e-05 0.00000000e+00]","[[ 0.          0.          0.         ...  0.00621516  0.00625491
   0.00646259]
 [ 0.          0.          0.         ...  0.00500134  0.0050108
   0.00507554]
 [ 0.          0.          0.         ...  0.00483058  0.00488807
   0.00518651]
 ...
 [ 0.          0.          0.         ... -0.00382767 -0.00386571
  -0.00408338]
 [ 0.          0.          0.         ...  0.00878416  0.00886818
   0.00928122]
 [ 0.          0.          0.         ... -0.00547969 -0.00553349
  -0.00578609]]","[ 0.00646259  0.00507554  0.00518651  0.00556064 -0.00673143 -0.01500695
 -0.0032392   0.00120023  0.00574867 -0.00112042 -0.00767148  0.00357595
 -0.00182881 -0.00284288 -0.00735042 -0.00374407 -0.00802018 -0.00926771
  0.00546881  0.00033094 -0.00221574 -0.00359604 -0.00954092  0.00201671
  0.00410811 -0.00025575 -0.00500858  0.00332473 -0.00736625 -0.00531172
 -0.0011635  -0.00147259 -0.00031485 -0.00263368 -0.00614136 -0.00174665
  0.01329726 -0.00905901  0.00656782  0.0011779  -0.00515241  0.00375897
  0.004607    0.00054587 -0.00335021 -0.00022053  0.00186577 -0.00408338
  0.00928122 -0.00578609]",50,50
225,50,1,1,0.015418651766324273,"[3.79608603e-03 3.49907803e-03 2.65037239e-03 2.35133784e-03
 2.11400343e-03 1.94920060e-03 1.75711666e-03 1.70893696e-03
 1.55098121e-03 1.52974471e-03 1.49754948e-03 1.45007770e-03
 1.27753203e-03 1.26409329e-03 1.15422325e-03 1.08179129e-03
 1.07407864e-03 1.02609623e-03 1.01675542e-03 1.00931246e-03
 9.90034512e-04 9.86435554e-04 9.63280675e-04 9.00448569e-04
 8.55769279e-04 8.44006379e-04 7.40678163e-04 6.83525058e-04
 6.56026446e-04 6.40826319e-04 5.88117620e-04 5.79263682e-04
 5.33159785e-04 4.17961319e-04 4.15277239e-04 4.07846775e-04
 3.74983550e-04 3.10439042e-04 2.93686721e-04 2.88850940e-04
 1.71175082e-04 1.50053284e-04 1.46754288e-04 5.17085847e-05
 5.08054031e-05 4.97634371e-05 2.93562863e-05 1.79851371e-05
 1.51661662e-05 2.54609865e-06 0.00000000e+00]","[[ 0.          0.          0.         ...  0.00507507  0.0051352
   0.00514787]
 [ 0.          0.          0.         ...  0.00583015  0.00586942
   0.00587688]
 [ 0.          0.          0.         ...  0.00183169  0.00193522
   0.00195616]
 ...
 [ 0.          0.          0.         ... -0.00344364 -0.00351909
  -0.00353374]
 [ 0.          0.          0.         ...  0.00775518  0.00787854
   0.00790316]
 [ 0.          0.          0.         ... -0.00628685 -0.00636189
  -0.00637718]]","[ 5.14786894e-03  5.87688058e-03  1.95616003e-03  5.86559761e-03
 -5.41769380e-03 -1.65872927e-02 -4.57476415e-03  1.64094861e-04
  2.48351351e-03 -1.39854835e-03 -9.64567782e-03  2.78370835e-03
 -2.66842960e-04 -3.19855747e-03 -5.69058560e-03 -3.63536397e-03
 -7.26285084e-03 -7.51386367e-03  4.31925176e-03  3.52035134e-03
 -8.65848185e-04 -4.70478396e-03 -1.01268754e-02  2.94278542e-03
  3.05259136e-03  1.43885038e-04 -4.24230633e-03  2.51698016e-03
 -7.15948735e-03 -3.66899327e-03 -1.01056828e-03  1.84369393e-03
 -7.56122488e-05 -1.52197226e-03 -6.40133251e-03  2.01201996e-04
  1.46172672e-02 -9.78789336e-03  7.26542184e-03 -4.77728429e-04
 -2.76671257e-03  5.49072979e-03  1.09976432e-03 -2.71854414e-04
 -1.39294950e-03  1.07181948e-05  3.13019153e-03 -3.53373912e-03
  7.90315627e-03 -6.37717865e-03]",50,50
275,50,1,1,0.014944776671333102,"[3.82595421e-03 3.39386861e-03 2.73446349e-03 2.39577030e-03
 1.94168338e-03 1.91542207e-03 1.91006531e-03 1.54421783e-03
 1.54369490e-03 1.42013374e-03 1.33357832e-03 1.30958180e-03
 1.18706387e-03 1.14646916e-03 1.13675473e-03 1.11124044e-03
 1.10107034e-03 1.04552046e-03 1.00368184e-03 9.97636045e-04
 9.56224237e-04 9.54225816e-04 9.43075736e-04 9.18850205e-04
 8.16322347e-04 8.06566157e-04 7.95119130e-04 7.65461365e-04
 5.77115288e-04 5.68305065e-04 5.42808276e-04 5.28565802e-04
 5.07516958e-04 4.85197342e-04 4.78678519e-04 4.63757633e-04
 4.28624463e-04 3.27662854e-04 3.20367398e-04 2.32436235e-04
 1.94284836e-04 1.87050805e-04 1.86093509e-04 1.85713563e-04
 1.55375112e-04 1.45845180e-04 1.43456471e-04 1.31966082e-04
 8.71108909e-05 3.83144643e-05 0.00000000e+00]","[[ 0.          0.          0.         ...  0.00456531  0.00473278
   0.00488089]
 [ 0.          0.          0.         ...  0.00519742  0.0053413
   0.00545258]
 [ 0.          0.          0.         ...  0.00123426  0.00148157
   0.00166925]
 ...
 [ 0.          0.          0.         ... -0.00263114 -0.00300266
  -0.00326491]
 [ 0.          0.          0.         ...  0.00610076  0.00641033
   0.00666583]
 [ 0.          0.          0.         ... -0.0049628  -0.00518955
  -0.00535722]]","[ 0.00488089  0.00545258  0.00166925  0.00541252 -0.00574351 -0.0152428
 -0.00395063 -0.00021441  0.00340815 -0.00051259 -0.0093344   0.00134619
 -0.00107285 -0.00429187 -0.00599404 -0.00376039 -0.00678534 -0.00706473
  0.00308481  0.00179359 -0.00266876 -0.00236058 -0.01027629  0.0034289
  0.00083942 -0.00101092 -0.00428825  0.0025636  -0.00678859 -0.00448302
 -0.00127737  0.0001461  -0.00091813 -0.00292692 -0.00618789  0.00138714
  0.0142985  -0.00942417  0.00702503  0.00041409 -0.00400095  0.00515631
  0.00344282 -0.00080864 -0.00258967  0.00220421  0.00270574 -0.00326491
  0.00666583 -0.00535722]",50,50
325,50,1,1,0.014771138229112352,"[3.50833827e-03 3.37061284e-03 2.43273953e-03 2.23137761e-03
 2.20290716e-03 2.14398408e-03 2.00751536e-03 1.68418498e-03
 1.47241081e-03 1.39755211e-03 1.36275121e-03 1.30352515e-03
 1.21537364e-03 1.20976090e-03 1.17079470e-03 1.13209606e-03
 1.07560163e-03 9.90233763e-04 9.81244011e-04 9.07029796e-04
 9.04425271e-04 8.91488302e-04 8.71297445e-04 7.95727578e-04
 7.67023333e-04 6.90944918e-04 6.72669169e-04 6.71986927e-04
 6.28109611e-04 6.10891001e-04 6.06845815e-04 5.27657647e-04
 4.93788235e-04 4.86895836e-04 4.34323389e-04 4.32428383e-04
 4.29325401e-04 4.22793071e-04 3.92385787e-04 2.90712508e-04
 1.95022013e-04 1.48492451e-04 1.12843158e-04 1.00104378e-04
 9.87846311e-05 8.98321155e-05 8.20018901e-05 6.05636046e-05
 4.22935628e-05 1.46347445e-05 0.00000000e+00]","[[ 0.          0.          0.         ...  0.00466415  0.00479925
   0.00487718]
 [ 0.          0.          0.         ...  0.00373255  0.0037814
   0.00380797]
 [ 0.          0.          0.         ...  0.00121263  0.00135149
   0.00142962]
 ...
 [ 0.          0.          0.         ... -0.00243912 -0.00259974
  -0.00268405]
 [ 0.          0.          0.         ...  0.00498216  0.00512873
   0.0052066 ]
 [ 0.          0.          0.         ... -0.00530471 -0.00540612
  -0.00545987]]","[ 4.87717984e-03  3.80796752e-03  1.42961987e-03  6.13705574e-03
 -4.42222255e-03 -1.55791880e-02 -4.60483396e-03 -6.02236687e-04
  2.38071032e-03 -6.13854818e-04 -1.05823422e-02  1.90147165e-03
 -7.50962538e-04 -4.32987674e-03 -7.09232987e-03 -2.35318632e-03
 -6.71001977e-03 -8.17710567e-03  2.80094025e-03  1.78542915e-03
 -3.31027393e-03 -3.01718282e-03 -9.56669113e-03  3.75313294e-03
  3.09493912e-04  6.37820033e-05 -3.63633513e-03  2.26321698e-03
 -7.51724844e-03 -4.35479960e-03  2.38067151e-04  1.00980844e-03
 -2.11185267e-04 -2.46503393e-03 -5.91886067e-03  3.96061375e-04
  1.32338715e-02 -1.04965326e-02  7.67317435e-03  4.14319322e-04
 -2.51207779e-03  3.45592702e-03  2.73333172e-03 -4.28122873e-04
 -2.62031315e-03  1.92541827e-03  2.81564174e-03 -2.68404926e-03
  5.20659933e-03 -5.45987381e-03]",50,50
375,50,1,1,0.014545704761204661,"[3.73986352e-03 3.36361109e-03 2.46909206e-03 2.34513273e-03
 2.19711168e-03 2.02982758e-03 1.87872510e-03 1.69293329e-03
 1.57432458e-03 1.42889391e-03 1.39233265e-03 1.33069407e-03
 1.20343734e-03 1.19749419e-03 1.18052542e-03 1.15804657e-03
 1.15220164e-03 1.12038425e-03 1.08393596e-03 1.04752283e-03
 1.03760355e-03 1.02528755e-03 1.00171138e-03 9.80016488e-04
 9.63878382e-04 9.35784851e-04 9.30838795e-04 9.12917010e-04
 8.83968635e-04 8.10235644e-04 6.49511724e-04 6.23244709e-04
 5.66283778e-04 5.10641456e-04 4.96038396e-04 4.40997235e-04
 4.02209035e-04 3.98020074e-04 3.50490347e-04 3.31685528e-04
 2.81987779e-04 2.73412558e-04 2.57033490e-04 2.07271650e-04
 1.54400584e-04 1.54348792e-04 1.01588112e-04 9.63226289e-05
 5.96065902e-05 4.69682537e-05 0.00000000e+00]","[[ 0.          0.          0.         ...  0.00524909  0.00532214
   0.00560573]
 [ 0.          0.          0.         ...  0.00325298  0.0032806
   0.0033846 ]
 [ 0.          0.          0.         ...  0.00100552  0.00106595
   0.00128957]
 ...
 [ 0.          0.          0.         ... -0.00420947 -0.00427355
  -0.00449261]
 [ 0.          0.          0.         ...  0.00575506  0.00582817
   0.00611106]
 [ 0.          0.          0.         ... -0.00489193 -0.00495448
  -0.0051745 ]]","[ 0.00560573  0.0033846   0.00128957  0.00501968 -0.0045814  -0.01457165
 -0.00312671 -0.00023215  0.00246057 -0.00057658 -0.01046852  0.0038753
 -0.00133965 -0.0041058  -0.00731552 -0.00385669 -0.00618221 -0.0083085
  0.0028507   0.00170016 -0.0021925  -0.00362926 -0.00838834  0.00375658
 -0.00038043  0.00088972 -0.00371793  0.00220676 -0.00623406 -0.00468551
  0.00074406  0.00075058  0.00037218 -0.00376279 -0.00509896  0.00094001
  0.01391261 -0.01096717  0.00678192  0.00081141 -0.00313596  0.00422738
  0.00202295 -0.00028467 -0.00362731  0.00191906  0.00424656 -0.00449261
  0.00611106 -0.0051745 ]",50,50
425,50,1,1,0.014437880519337228,"[3.56257921e-03 3.23182809e-03 2.65370327e-03 2.35439884e-03
 2.14333695e-03 2.06741446e-03 1.99455324e-03 1.82704667e-03
 1.51652837e-03 1.37090527e-03 1.34507070e-03 1.29179073e-03
 1.17363399e-03 1.13764047e-03 1.11565216e-03 1.09329602e-03
 1.08248281e-03 1.06293805e-03 1.02273243e-03 9.66296178e-04
 9.44437164e-04 9.22566366e-04 9.00825843e-04 8.99899417e-04
 8.84739268e-04 8.39608332e-04 8.36628277e-04 7.48724751e-04
 7.23453950e-04 6.25405783e-04 6.14848933e-04 6.00129900e-04
 5.58659245e-04 4.93903793e-04 4.87975586e-04 4.24065831e-04
 4.20699223e-04 3.94676278e-04 3.10436629e-04 2.98978866e-04
 2.72251717e-04 2.70434317e-04 2.63460245e-04 2.15079634e-04
 1.54053610e-04 8.76999861e-05 8.57381304e-05 7.23836714e-05
 4.42522097e-05 2.64480920e-05 0.00000000e+00]","[[ 0.          0.          0.         ...  0.00452732  0.00461314
   0.00473496]
 [ 0.          0.          0.         ...  0.00367289  0.0037361
   0.00384449]
 [ 0.          0.          0.         ...  0.00135734  0.00144726
   0.0015771 ]
 ...
 [ 0.          0.          0.         ... -0.0032929  -0.00335924
  -0.00345609]
 [ 0.          0.          0.         ...  0.00491586  0.00501353
   0.00515116]
 [ 0.          0.          0.         ... -0.00501501 -0.00510112
  -0.00523002]]","[ 0.00473496  0.00384449  0.0015771   0.00499965 -0.00320043 -0.01425972
 -0.00273738 -0.00042548  0.00250309 -0.00026349 -0.00892606  0.00395524
 -0.00083207 -0.00372251 -0.00761719 -0.00271183 -0.00724632 -0.00785211
  0.00334262  0.00272131 -0.00145662 -0.00366768 -0.00847198  0.00331775
 -0.00038276  0.00089578 -0.0043321   0.0015788  -0.00613216 -0.00470185
  0.00065611  0.00145358  0.00017121 -0.00345583 -0.00513536  0.00089293
  0.01436251 -0.01171072  0.00638293  0.00151163 -0.00286464  0.00391856
  0.00093681  0.00011718 -0.00321477  0.00195798  0.00405937 -0.00345609
  0.00515116 -0.00523002]",50,50
475,50,1,1,0.014452043865130122,"[3.76655769e-03 3.50417574e-03 2.84229537e-03 2.49893113e-03
 2.32419199e-03 2.04956692e-03 2.03866001e-03 1.86378247e-03
 1.64772935e-03 1.51038350e-03 1.45042470e-03 1.43668066e-03
 1.28857216e-03 1.24426096e-03 1.21026737e-03 1.10421253e-03
 1.07246293e-03 1.05041257e-03 9.81250883e-04 9.58851753e-04
 9.14711040e-04 9.07422399e-04 9.03786309e-04 8.93632677e-04
 8.91405340e-04 8.58133243e-04 7.29153863e-04 7.16399726e-04
 6.88992815e-04 6.88853281e-04 6.76629866e-04 6.38883724e-04
 4.81325231e-04 4.77076916e-04 4.57290575e-04 3.79380174e-04
 3.39037132e-04 3.29970212e-04 2.45144264e-04 2.21227119e-04
 2.16337191e-04 1.63801103e-04 8.65449332e-05 6.41138198e-05
 5.96241947e-05 3.93479656e-05 3.50254096e-05 2.33799050e-05
 1.38909744e-05 5.40168180e-06 0.00000000e+00]","[[ 0.          0.          0.         ...  0.00454559  0.00457695
   0.0045963 ]
 [ 0.          0.          0.         ...  0.00395375  0.00398807
   0.00400963]
 [ 0.          0.          0.         ...  0.00183673  0.00188326
   0.00191282]
 ...
 [ 0.          0.          0.         ... -0.00421289 -0.00424645
  -0.00426747]
 [ 0.          0.          0.         ...  0.00478407  0.00482396
   0.00484927]
 [ 0.          0.          0.         ... -0.00475695 -0.00480919
  -0.00484081]]","[ 4.59630033e-03  4.00963460e-03  1.91281714e-03  5.41077471e-03
 -2.83380212e-03 -1.41301438e-02 -2.24259854e-03 -1.76592759e-04
  2.55462541e-03 -1.56742157e-05 -9.08082106e-03  3.37809369e-03
  3.49822899e-04 -3.11800238e-03 -7.78999485e-03 -3.38796427e-03
 -7.48447318e-03 -7.69535552e-03  3.33503763e-03  2.19316829e-03
 -1.19542233e-03 -3.06296413e-03 -8.89068043e-03  3.72105432e-03
 -7.37328531e-05 -1.45418625e-04 -4.86407634e-03  2.62135921e-03
 -5.73820936e-03 -3.68676183e-03  1.04019452e-04  1.15941308e-03
  4.52213324e-04 -4.38712620e-03 -4.80832013e-03  1.23294216e-03
  1.43046620e-02 -1.16902625e-02  6.45401489e-03  7.92636045e-04
 -2.94777060e-03  4.30660911e-03  6.14902025e-04  1.61941142e-04
 -3.73452156e-03  1.47418634e-03  3.46757227e-03 -4.26747423e-03
  4.84926834e-03 -4.84080900e-03]",50,50
525,50,1,1,0.014209322903984117,"[3.42362828e-03 3.30795693e-03 2.80775516e-03 2.53926000e-03
 2.42837354e-03 2.05773845e-03 1.94398036e-03 1.82119825e-03
 1.52207257e-03 1.47595488e-03 1.40068957e-03 1.37088444e-03
 1.30228076e-03 1.27986333e-03 1.24314123e-03 1.17525256e-03
 1.16645494e-03 1.08996405e-03 9.93172062e-04 9.79481018e-04
 9.26304998e-04 9.23181803e-04 9.15727845e-04 8.93630968e-04
 8.71959056e-04 8.21875667e-04 7.90305248e-04 7.60318433e-04
 7.60058152e-04 6.68229512e-04 6.02072878e-04 5.10196893e-04
 4.87828958e-04 4.76266198e-04 4.61699011e-04 3.71280023e-04
 3.55220221e-04 3.54842733e-04 3.46111436e-04 2.78752530e-04
 1.79311055e-04 1.56076537e-04 1.44009158e-04 8.47037510e-05
 8.30800075e-05 8.02287660e-05 4.10045424e-05 3.14836007e-05
 1.93980869e-05 7.38046769e-06 0.00000000e+00]","[[ 0.          0.          0.         ...  0.00480079  0.00484007
   0.00486431]
 [ 0.          0.          0.         ...  0.00370098  0.00373944
   0.00376364]
 [ 0.          0.          0.         ...  0.00190498  0.00197451
   0.00201672]
 ...
 [ 0.          0.          0.         ... -0.00367326 -0.00374778
  -0.00379472]
 [ 0.          0.          0.         ...  0.00522101  0.0052843
   0.00532234]
 [ 0.          0.          0.         ... -0.00440084 -0.00448568
  -0.00453752]]","[ 4.86431021e-03  3.76364009e-03  2.01672328e-03  4.91434343e-03
 -1.80090120e-03 -1.39028540e-02 -2.21895479e-03  8.93335541e-04
  2.94678409e-03  2.67197413e-04 -8.75389117e-03  4.88610558e-03
 -1.94284975e-05 -3.58406226e-03 -8.32422982e-03 -3.09068404e-03
 -7.02513318e-03 -7.42009270e-03  3.89633671e-03  1.81814966e-03
 -4.24276320e-04 -3.12004008e-03 -9.72100641e-03  3.25993891e-03
 -9.27548040e-04 -2.01337150e-04 -5.12872232e-03  2.00683987e-03
 -5.48293432e-03 -4.19307516e-03 -5.22880049e-04  1.03588780e-03
  4.72884358e-04 -5.44136481e-03 -4.77529120e-03  2.00055080e-03
  1.30240144e-02 -1.12681838e-02  6.10251974e-03 -9.47778517e-05
 -2.98463831e-03  4.00752265e-03  1.40351382e-03 -5.66379858e-04
 -3.99766400e-03  2.47536791e-03  4.25800095e-03 -3.79471878e-03
  5.32234211e-03 -4.53751633e-03]",50,50
575,50,1,1,0.014180601846838385,"[3.37580441e-03 3.25846263e-03 2.90057268e-03 2.56464676e-03
 2.34112930e-03 1.93858895e-03 1.76577278e-03 1.75968399e-03
 1.52299245e-03 1.45748813e-03 1.45260287e-03 1.42848261e-03
 1.40386698e-03 1.29841762e-03 1.19383260e-03 1.17301538e-03
 1.12228722e-03 1.07754969e-03 1.07359643e-03 1.04197396e-03
 1.03608503e-03 1.03189446e-03 8.43151073e-04 8.39755703e-04
 7.92330096e-04 7.58282531e-04 7.02982732e-04 6.77887481e-04
 6.60394683e-04 6.57919792e-04 6.43889284e-04 5.83036803e-04
 5.59888601e-04 4.84686490e-04 4.53819834e-04 3.94579275e-04
 3.08366569e-04 2.73268505e-04 2.56328110e-04 2.34889208e-04
 2.25106318e-04 1.77318672e-04 1.67235981e-04 1.62000823e-04
 1.47940503e-04 8.07390477e-05 6.93122775e-05 5.84292444e-05
 4.86801530e-05 1.54368263e-05 0.00000000e+00]","[[ 0.          0.          0.         ...  0.00514275  0.00528438
   0.00535104]
 [ 0.          0.          0.         ...  0.00321273  0.00332259
   0.00337191]
 [ 0.          0.          0.         ...  0.00240879  0.00258621
   0.00267036]
 ...
 [ 0.          0.          0.         ... -0.00298393 -0.00316365
  -0.00324315]
 [ 0.          0.          0.         ...  0.00545281  0.00563306
   0.00571881]
 [ 0.          0.          0.         ... -0.00311333 -0.00332154
  -0.00341904]]","[ 5.35104131e-03  3.37191247e-03  2.67035876e-03  5.39701697e-03
 -2.10208026e-03 -1.33611455e-02 -2.12018055e-03  3.46453524e-04
  3.39665748e-03 -1.62035936e-04 -8.33514323e-03  5.15565760e-03
  8.15387090e-05 -3.90059091e-03 -7.38752094e-03 -2.52854707e-03
 -6.72899886e-03 -7.13729863e-03  3.38884103e-03  1.00989301e-03
 -7.59441642e-04 -2.90368609e-03 -9.92301194e-03  2.46501072e-03
 -9.52162218e-04 -4.63299150e-04 -4.52183267e-03  1.75964475e-03
 -5.51054576e-03 -3.82595371e-03 -9.97854829e-04  6.13772896e-04
  1.27651467e-03 -5.78272900e-03 -4.70217415e-03  1.70887284e-03
  1.32695845e-02 -1.14791051e-02  5.17217848e-03  1.81596889e-04
 -4.12362023e-03  3.98633757e-03  1.08978846e-03 -9.44805880e-04
 -4.16972738e-03  2.87586397e-03  4.79395510e-03 -3.24314950e-03
  5.71881195e-03 -3.41904489e-03]",50,50
625,50,1,1,0.014132252062890416,"[3.41646514e-03 3.39824859e-03 2.63795084e-03 2.41839464e-03
 2.24121013e-03 1.94965845e-03 1.85164221e-03 1.76516875e-03
 1.60543926e-03 1.42128864e-03 1.39658127e-03 1.30671406e-03
 1.27533785e-03 1.21213051e-03 1.20048493e-03 1.18098219e-03
 1.15541897e-03 1.15329444e-03 1.10204225e-03 1.08732670e-03
 1.02616935e-03 9.36361237e-04 8.45027222e-04 7.57179071e-04
 7.32548764e-04 7.25338173e-04 6.88744112e-04 6.56510794e-04
 6.51567545e-04 6.31323312e-04 5.89649300e-04 5.45337760e-04
 5.42074096e-04 5.12010437e-04 5.02650410e-04 4.41290646e-04
 4.25003464e-04 2.44619929e-04 2.32923831e-04 2.29735615e-04
 2.25613831e-04 2.17275969e-04 2.01515132e-04 1.76786407e-04
 1.72793921e-04 1.04404983e-04 9.83631270e-05 9.68935119e-05
 4.48160525e-05 2.71092538e-05 0.00000000e+00]","[[ 0.          0.          0.         ...  0.00467697  0.00474393
   0.0048537 ]
 [ 0.          0.          0.         ...  0.00307622  0.00312193
   0.00318947]
 [ 0.          0.          0.         ...  0.00289735  0.00299533
   0.00314941]
 ...
 [ 0.          0.          0.         ... -0.00246374 -0.00255449
  -0.00269417]
 [ 0.          0.          0.         ...  0.00559208  0.00568887
   0.00583641]
 [ 0.          0.          0.         ... -0.0030315  -0.00314851
  -0.00332789]]","[ 0.0048537   0.00318947  0.00314941  0.00614862 -0.00217306 -0.01378363
 -0.00253799  0.00051507  0.00342017  0.0001503  -0.00836391  0.00515231
  0.0002319  -0.0044867  -0.00798588 -0.0020577  -0.00644769 -0.00694625
  0.00327109  0.00079557 -0.00102455 -0.00303073 -0.01003667  0.00251125
 -0.00055165 -0.00117991 -0.00485339  0.0021328  -0.0056051  -0.00376428
 -0.00060828  0.00062754  0.00115869 -0.00582807 -0.00426217  0.00145178
  0.01350579 -0.0110278   0.00537979  0.00059002 -0.00374753  0.00363559
  0.00203096 -0.00094324 -0.00428826  0.00283862  0.00465942 -0.00269417
  0.00583641 -0.00332789]",50,50
675,50,1,1,0.013907416287789829,"[3.38026340e-03 3.37095367e-03 2.63209822e-03 2.26723771e-03
 2.16988092e-03 1.77404066e-03 1.73429877e-03 1.72591212e-03
 1.52124998e-03 1.38272200e-03 1.37627657e-03 1.32918554e-03
 1.22584036e-03 1.21948871e-03 1.20459402e-03 1.19377115e-03
 1.17915276e-03 1.06399743e-03 1.05665162e-03 9.87373014e-04
 9.73476154e-04 9.48681783e-04 9.43070139e-04 8.39296373e-04
 7.49049575e-04 7.36759244e-04 7.31970434e-04 7.22210590e-04
 6.84670112e-04 6.16016763e-04 5.70195673e-04 5.70162600e-04
 5.68063847e-04 5.61881375e-04 5.14495070e-04 5.07927357e-04
 3.63751782e-04 2.99692701e-04 2.98673860e-04 2.59837172e-04
 2.49290564e-04 1.79319379e-04 1.61480261e-04 1.29155016e-04
 9.91496337e-05 9.21895458e-05 6.14358409e-05 6.00244765e-05
 4.27569954e-05 1.83788599e-05 0.00000000e+00]","[[ 0.          0.          0.         ...  0.00438951  0.00448629
   0.00456364]
 [ 0.          0.          0.         ...  0.00262817  0.0026868
   0.00273044]
 [ 0.          0.          0.         ...  0.00261616  0.00275629
   0.00286566]
 ...
 [ 0.          0.          0.         ... -0.00233193 -0.00244291
  -0.00252642]
 [ 0.          0.          0.         ...  0.00545342  0.00559389
   0.00570137]
 [ 0.          0.          0.         ... -0.00290313 -0.00305096
  -0.00316386]]","[ 4.56363968e-03  2.73044402e-03  2.86565829e-03  6.07861579e-03
 -2.51272110e-03 -1.37920971e-02 -2.28043530e-03  6.65144130e-04
  3.69987815e-03  9.96874628e-05 -7.40401268e-03  4.91427152e-03
  3.42816659e-04 -4.21945149e-03 -7.63881634e-03 -2.38650519e-03
 -6.24209845e-03 -6.37246948e-03  3.14610255e-03  1.83669460e-04
 -8.00966294e-04 -3.14247019e-03 -9.76907340e-03  2.75032712e-03
 -3.50543216e-04 -1.41307793e-03 -4.84259760e-03  2.73428811e-03
 -5.78679550e-03 -3.43878205e-03  2.97616232e-04  9.41369177e-04
  1.21500476e-03 -5.90026013e-03 -4.22355082e-03  9.66503983e-04
  1.38280804e-02 -1.07056275e-02  5.05824804e-03  4.04712086e-04
 -3.86516177e-03  3.45579493e-03  1.58524257e-03 -1.27054059e-03
 -4.13824127e-03  3.04717495e-03  4.70054586e-03 -2.52642048e-03
  5.70137173e-03 -3.16386284e-03]",50,50
725,50,1,1,0.013929483141877199,"[3.44329271e-03 3.33352091e-03 2.63490132e-03 2.39334164e-03
 2.01870709e-03 1.65503724e-03 1.61299590e-03 1.58611212e-03
 1.52186652e-03 1.44181411e-03 1.37777195e-03 1.37479934e-03
 1.35817337e-03 1.33757077e-03 1.32598033e-03 1.30546593e-03
 1.15364566e-03 1.11532220e-03 1.06967575e-03 1.03051570e-03
 9.87670689e-04 9.26799571e-04 9.13785499e-04 9.03150618e-04
 8.84575730e-04 8.48767118e-04 8.32137484e-04 7.55622785e-04
 7.46161170e-04 6.29902653e-04 5.97865376e-04 5.85040678e-04
 5.56215958e-04 5.50388429e-04 5.44128685e-04 4.84738364e-04
 2.83030520e-04 2.66357403e-04 2.49193196e-04 2.36784370e-04
 2.24518537e-04 1.88799764e-04 1.73088068e-04 1.54370892e-04
 1.21219760e-04 8.68399897e-05 6.45410894e-05 4.58699144e-05
 3.52534390e-05 2.42686332e-05 0.00000000e+00]","[[ 0.          0.          0.         ...  0.00423638  0.00427775
   0.00436913]
 [ 0.          0.          0.         ...  0.00260344  0.00263192
   0.00269146]
 [ 0.          0.          0.         ...  0.00265727  0.00272451
   0.002874  ]
 ...
 [ 0.          0.          0.         ... -0.00230471 -0.00235894
  -0.00247647]
 [ 0.          0.          0.         ...  0.0058247   0.00588715
   0.00602516]
 [ 0.          0.          0.         ... -0.00259802 -0.00265757
  -0.00278943]]","[ 0.00436913  0.00269146  0.002874    0.0062096  -0.00228475 -0.01387005
 -0.00228744  0.00059204  0.0037848   0.00031338 -0.00730985  0.00538208
  0.00014502 -0.00432669 -0.00720381 -0.00240449 -0.00603341 -0.00636901
  0.00335031  0.0001507  -0.00100553 -0.00301788 -0.01002622  0.00297955
 -0.00050538 -0.00117098 -0.00513385  0.00294866 -0.00561052 -0.00349225
  0.00047724  0.00059004  0.00131059 -0.0056963  -0.00443888  0.00090395
  0.01409284 -0.01055976  0.00459562  0.00019621 -0.004047    0.00400987
  0.00099092 -0.00105343 -0.00458323  0.00305839  0.00490042 -0.00247647
  0.00602516 -0.00278943]",50,50
775,50,1,1,0.013961515647544047,"[3.32050990e-03 3.27439559e-03 2.58371063e-03 2.32101578e-03
 1.93730658e-03 1.76192433e-03 1.71785992e-03 1.59816459e-03
 1.50926865e-03 1.39465040e-03 1.37915382e-03 1.37245211e-03
 1.34951687e-03 1.29099983e-03 1.27860512e-03 1.21273882e-03
 1.10245492e-03 1.09795905e-03 1.08859940e-03 1.05621390e-03
 1.04548181e-03 9.95840272e-04 9.88751670e-04 9.34718782e-04
 8.50342347e-04 8.40034028e-04 8.33081919e-04 8.03303542e-04
 7.25587223e-04 6.49833015e-04 6.42755766e-04 5.79724846e-04
 5.38551361e-04 5.18067542e-04 5.04624800e-04 4.06853376e-04
 3.93963444e-04 3.78214184e-04 3.14916850e-04 3.00652071e-04
 2.88037415e-04 2.87539937e-04 2.37490181e-04 1.67797374e-04
 1.29554452e-04 9.92112649e-05 7.07084920e-05 6.66344495e-05
 6.01545963e-05 2.68552513e-06 0.00000000e+00]","[[ 0.          0.          0.         ...  0.00390158  0.00405455
   0.0040618 ]
 [ 0.          0.          0.         ...  0.00295101  0.00306632
   0.00307171]
 [ 0.          0.          0.         ...  0.00270962  0.00309049
   0.00310803]
 ...
 [ 0.          0.          0.         ... -0.00245979 -0.00275558
  -0.00277043]
 [ 0.          0.          0.         ...  0.00534059  0.00563583
   0.0056495 ]
 [ 0.          0.          0.         ... -0.00183048 -0.00215664
  -0.00217199]]","[ 4.06180038e-03  3.07170984e-03  3.10803063e-03  6.58652519e-03
 -2.38081360e-03 -1.34636733e-02 -2.54586527e-03  1.48890526e-05
  3.79000493e-03  4.97084252e-04 -7.41518825e-03  5.28766772e-03
  7.11880556e-04 -4.31611192e-03 -7.45938288e-03 -2.28159898e-03
 -5.56723781e-03 -6.50985883e-03  3.46575015e-03 -3.03538216e-04
 -1.43121862e-03 -3.01664190e-03 -9.86528628e-03  2.90493852e-03
 -9.32310224e-04 -1.84520184e-03 -5.50950508e-03  3.11847759e-03
 -5.44069434e-03 -3.81865415e-03  7.29851955e-04  1.00810690e-03
  1.38364225e-03 -5.82468044e-03 -4.02996308e-03  1.58437801e-03
  1.41926570e-02 -1.02714991e-02  4.54739428e-03 -2.81825701e-04
 -4.16441629e-03  3.53061581e-03  3.00996690e-04 -1.14457951e-03
 -4.66032772e-03  3.17227458e-03  4.75147682e-03 -2.77042745e-03
  5.64949804e-03 -2.17198685e-03]",50,50
825,50,1,1,0.013952707676069168,"[3.42694164e-03 3.29330880e-03 2.74135641e-03 2.31359028e-03
 2.05420758e-03 2.03014836e-03 1.73178011e-03 1.70997210e-03
 1.65500169e-03 1.43487055e-03 1.35219659e-03 1.31900248e-03
 1.31701301e-03 1.26631386e-03 1.22336380e-03 1.17105180e-03
 1.15210305e-03 1.08106687e-03 1.07422690e-03 1.05740240e-03
 1.05217870e-03 1.03251772e-03 1.02160736e-03 9.18322552e-04
 8.98966684e-04 8.46033617e-04 7.77603977e-04 7.76014143e-04
 7.32323856e-04 6.46263554e-04 6.20538782e-04 6.10520440e-04
 5.97552872e-04 5.89997067e-04 5.47512469e-04 4.74903670e-04
 3.74878784e-04 3.45696504e-04 3.20975002e-04 3.04624670e-04
 2.80797605e-04 2.31970900e-04 1.97554916e-04 1.58464451e-04
 1.37673065e-04 1.31116495e-04 8.04914139e-05 5.62784938e-05
 3.67610780e-05 2.39666323e-05 0.00000000e+00]","[[ 0.          0.          0.         ...  0.00424211  0.00428193
   0.00435709]
 [ 0.          0.          0.         ...  0.00322379  0.00325932
   0.0033227 ]
 [ 0.          0.          0.         ...  0.00291549  0.00299007
   0.00312877]
 ...
 [ 0.          0.          0.         ... -0.00228224 -0.00234135
  -0.00246051]
 [ 0.          0.          0.         ...  0.0051795   0.00524505
   0.00536801]
 [ 0.          0.          0.         ... -0.00215891 -0.00222696
  -0.00235453]]","[ 0.00435709  0.0033227   0.00312877  0.00636377 -0.00235731 -0.01389774
 -0.00273399  0.00013812  0.00399546  0.00063241 -0.00763506  0.00537152
  0.00079217 -0.00379933 -0.00812999 -0.00235157 -0.00593154 -0.00630014
  0.00328962 -0.00026924 -0.00127415 -0.00325714 -0.00970844  0.00302328
 -0.00076467 -0.00160997 -0.0059206   0.00356861 -0.00574808 -0.00369127
  0.00051437  0.00104927  0.00131063 -0.00597729 -0.00425593  0.00143095
  0.01435382 -0.01036682  0.00515219  0.00015338 -0.00429983  0.00355183
  0.00038188 -0.0008662  -0.00453931  0.00306558  0.00408053 -0.00246051
  0.00536801 -0.00235453]",50,50
875,50,1,1,0.01390622080302478,"[3.37546939e-03 3.28632175e-03 2.79131168e-03 2.15453163e-03
 2.10401302e-03 2.04650276e-03 1.78345486e-03 1.74679204e-03
 1.68351689e-03 1.50776499e-03 1.38646743e-03 1.35833369e-03
 1.32156134e-03 1.30865091e-03 1.28050415e-03 1.27694563e-03
 1.16716694e-03 1.11339951e-03 1.10007245e-03 1.07365864e-03
 1.04006874e-03 9.87853636e-04 9.73751399e-04 8.50881799e-04
 8.25841185e-04 8.13338917e-04 8.01796571e-04 7.75970484e-04
 7.21235993e-04 6.87311197e-04 6.47531035e-04 6.41473098e-04
 5.41966032e-04 5.07922249e-04 4.29691031e-04 4.20708173e-04
 3.95057391e-04 3.64468427e-04 3.63394350e-04 2.73524863e-04
 2.54695746e-04 2.50301165e-04 2.40821444e-04 2.08615493e-04
 1.31698069e-04 1.28207255e-04 1.17448871e-04 6.59777334e-05
 3.64544206e-05 2.41639430e-05 0.00000000e+00]","[[ 0.          0.          0.         ...  0.00402662  0.00406607
   0.00414225]
 [ 0.          0.          0.         ...  0.00293871  0.00297277
   0.00304133]
 [ 0.          0.          0.         ...  0.00331691  0.00338607
   0.00352208]
 ...
 [ 0.          0.          0.         ... -0.00213451 -0.00219384
  -0.00230723]
 [ 0.          0.          0.         ...  0.00525104  0.00531346
   0.00543659]
 [ 0.          0.          0.         ... -0.00186142 -0.00192795
  -0.0020587 ]]","[ 4.14224998e-03  3.04133391e-03  3.52208475e-03  6.65164516e-03
 -1.91143300e-03 -1.34718076e-02 -2.75808565e-03 -6.16187715e-05
  3.60491859e-03  6.34225481e-04 -7.77985005e-03  5.62390996e-03
  6.14110102e-04 -3.81766887e-03 -8.15784154e-03 -2.54256216e-03
 -6.07523987e-03 -6.32120426e-03  3.35802655e-03 -1.72891625e-04
 -8.02861339e-04 -2.45802136e-03 -9.23105622e-03  2.80185894e-03
 -1.24882017e-03 -1.63006353e-03 -6.15470649e-03  3.90728970e-03
 -6.01202973e-03 -3.51984230e-03  1.13777470e-03  1.30508006e-03
  1.16167179e-03 -5.73489124e-03 -4.45375504e-03  1.44490904e-03
  1.43564238e-02 -1.02486131e-02  5.24353559e-03  2.93552234e-04
 -4.46014294e-03  3.44197409e-03  5.88942195e-04 -9.44352053e-04
 -4.80015322e-03  3.09563528e-03  4.01671235e-03 -2.30722815e-03
  5.43658752e-03 -2.05870250e-03]",50,50
925,50,1,1,0.013884287489487406,"[3.34681622e-03 3.25671858e-03 2.69487038e-03 2.08323022e-03
 2.02702208e-03 1.96941458e-03 1.84989721e-03 1.70373183e-03
 1.56618642e-03 1.55304409e-03 1.42942365e-03 1.39457829e-03
 1.35489057e-03 1.35414865e-03 1.34775493e-03 1.29111258e-03
 1.12995098e-03 1.12906235e-03 1.12139916e-03 1.02236171e-03
 1.00508696e-03 9.64061126e-04 9.37817349e-04 8.29288850e-04
 8.15356508e-04 7.95657538e-04 7.50364235e-04 7.39462431e-04
 7.10979634e-04 6.91489768e-04 6.48511030e-04 6.41605495e-04
 5.14710990e-04 4.66936437e-04 4.57714956e-04 4.22271828e-04
 4.02960660e-04 3.94685105e-04 3.46258209e-04 3.40959675e-04
 2.65523035e-04 2.47651903e-04 2.35998321e-04 1.75866139e-04
 1.67839905e-04 1.00117739e-04 9.99291251e-05 6.42595000e-05
 2.52813683e-05 4.39922670e-06 0.00000000e+00]","[[ 0.          0.          0.         ...  0.00447493  0.00453019
   0.00454157]
 [ 0.          0.          0.         ...  0.00346297  0.00353225
   0.00354712]
 [ 0.          0.          0.         ...  0.00358163  0.00371961
   0.00374883]
 ...
 [ 0.          0.          0.         ... -0.00190261 -0.00201107
  -0.00203346]
 [ 0.          0.          0.         ...  0.00500067  0.00508705
   0.00510529]
 [ 0.          0.          0.         ... -0.00160907 -0.00172295
  -0.00174681]]","[ 4.54157137e-03  3.54711963e-03  3.74882526e-03  6.68974832e-03
 -1.85301091e-03 -1.28734764e-02 -2.62904077e-03 -1.13232742e-05
  3.62979132e-03  8.18321936e-04 -7.65045513e-03  5.55153736e-03
  4.80944192e-04 -3.27557587e-03 -7.74570189e-03 -2.38588086e-03
 -6.14820241e-03 -6.07135017e-03  3.39597026e-03 -2.70659070e-04
 -7.93869561e-04 -2.32937758e-03 -9.00937631e-03  2.18646624e-03
 -9.22044693e-04 -1.79852655e-03 -6.13041970e-03  4.11510652e-03
 -5.81286395e-03 -3.27311771e-03  1.20755024e-03  1.51680276e-03
  1.02944218e-03 -5.62628257e-03 -4.66946338e-03  1.55555572e-03
  1.45698799e-02 -1.01163511e-02  5.32901674e-03 -1.09411353e-04
 -4.12409199e-03  3.18759795e-03  4.63075512e-04 -1.50646206e-03
 -5.11774584e-03  2.76838293e-03  4.38068894e-03 -2.03346272e-03
  5.10529241e-03 -1.74681261e-03]",50,50
975,50,1,1,0.013965085531028194,"[3.36786390e-03 3.33187283e-03 2.72789173e-03 2.10159840e-03
 1.99509335e-03 1.95769524e-03 1.88607228e-03 1.69896421e-03
 1.50088575e-03 1.48557070e-03 1.46592409e-03 1.40573531e-03
 1.38189218e-03 1.35910288e-03 1.32810662e-03 1.30639877e-03
 1.25199778e-03 1.21129434e-03 1.14200907e-03 1.08503519e-03
 1.07385458e-03 1.00807300e-03 9.56759020e-04 9.22232400e-04
 8.89690155e-04 8.88364528e-04 8.27231126e-04 7.69390124e-04
 7.66494585e-04 6.17615152e-04 6.00991007e-04 5.99819835e-04
 5.94975625e-04 5.22809420e-04 4.82896628e-04 4.21073657e-04
 3.48210348e-04 3.44304023e-04 3.31482592e-04 2.95269804e-04
 2.84311023e-04 2.54675214e-04 2.37098207e-04 2.35639335e-04
 1.71825845e-04 1.64273789e-04 1.37174087e-04 8.46843733e-05
 3.94683358e-05 9.00985581e-07 0.00000000e+00]","[[ 0.          0.          0.         ...  0.0044767   0.00460578
   0.00460864]
 [ 0.          0.          0.         ...  0.00347433  0.00358778
   0.0035903 ]
